1052047
1053084
1053391
1053471
1061450
1061502
1061552
1061966
1062436
1062526
1075430
1076130
1076239
1076661
1229655
1232586
1234113
1235166
1235228
1235740
1236298
1236657
1236865
1236994
1237537
1244001
1244190
1244771
1247745
1247907
1249535
1249817
1249962
1251291
1256777
1258686
1262009
430439792
430439815
430440057
430440077
430440210
430440234
430440512
430442361
430497664
430497689
430498007
430498242
430498997
430528610
430544256
430544443
430562181
430562204
430563194
430563223
430564030
430564062
430569690
430569713
430569847
430569868
430569992
430616896
430636413
430636427
430653143
430653686
430654614
430656630
430659662
430659685
430660339
430660359
430661896
430661927
430662765
430662792
430663528
430663555
430663755
430664125
430666372
